3774.870748 444.7969376 0.970652174 0.95230137
3868.104521 783.5333054 0.994565217 0.916164384
3570.649264 81.95252138 0.982608696 0.992767123
3626.96816 107.3958627 0.992391304 0.990575342
3909.981398 815.8403063 0.99673913 0.899452055
3700.629469 134.5700607 0.992391304 0.986767123
3753.309444 499.4393404 0.992391304 0.951315068
3972.822811 989.7757572 0.990217391 0.886054795
3485.287138 46.81844279 0.990217391 0.994575342
3810.890458 421.5794812 0.995652174 0.948383562
4026.574054 1153.554824 0.983695652 0.857123288
3547.24713 78.3175838 0.995652174 0.994136986
3940.953597 646.3193694 0.982608696 0.92290411
4007.16553 1261.053836 0.972826087 0.864027397
